# Use cbind Function
x1<-c(1, 2, 3, 4)
x1
x2<-c(5, 6, 7, 8)
x2
y<-c(x1, x2)
y
